1 0.091874 0.295962 0.999837 0.999862
1.18367 0.589811 0.679015 0.998815 0.999493
1.36735 0.589489 0.566308 0.996906 0.998778
1.55102 0.744751 0.0906736 0.993116 0.996703
1.73469 0.423212 0.816851 0.985749 0.993074
1.91837 0.356817 0.892073 0.974197 0.98692
2.10204 0.0244208 0.874269 0.95825 0.979104
2.28571 0.286436 0.769312 0.936223 0.967414
2.46939 0.0176188 0.279264 0.901756 0.952607
2.65306 0.0392716 0.105529 0.862504 0.929686
2.83673 0.018748 0.0624572 0.818666 0.912103
3.02041 0.0170352 0.0587284 0.758574 0.881161
3.20408 0.012662 0.0255692 0.70079 0.846526
3.38776 0.0164556 0.0216176 0.644374 0.814662
3.57143 0.0162756 0.0145156 0.586611 0.770583
3.7551 0.0206464 0.0229528 0.523066 0.735545
3.93878 0.0195872 0.021682 0.470572 0.699126
4.12245 0.0146236 0.01736 0.423297 0.653546
4.30612 0.0180916 0.0154952 0.387279 0.618089
4.4898 0.0163604 0.014702 0.33657 0.573538
4.67347 0.013652 0.015622 0.318309 0.53858
4.85714 0.0161924 0.0215788 0.290362 0.508464
5.04082 0.01106 0.0105772 0.265628 0.476623
5.22449 0.01338 0.0104456 0.242072 0.441588
5.40816 0.0123508 0.0133484 0.222871 0.418835
5.59184 0.0136284 0.01397 0.218872 0.39904
5.77551 0.0117564 0.014392 0.198902 0.375019
5.95918 0.0138504 0.0114652 0.190092 0.350564
6.14286 0.0108592 0.0108584 0.18233 0.334968
6.32653 0.0115828 0.0133832 0.171519 0.32028
6.5102 0.0080036 0.0107296 0.157368 0.306093
6.69388 0.0112104 0.0129308 0.154318 0.28916
6.87755 0.0099392 0.0135036 0.143773 0.277509
7.06122 0.010762 0.010524 0.134019 0.272889
7.2449 0.0122572 0.0111404 0.132852 0.255473
7.42857 0.0107964 0.0087784 0.127121 0.246761
7.61224 0.0127168 0.0104072 0.122036 0.234051
7.79592 0.0091156 0.0122744 0.116006 0.230742
7.97959 0.0115084 0.0111516 0.10857 0.220653
8.16327 0.0127944 0.01117 0.100449 0.212179
8.34694 0.011304 0.0096556 0.103488 0.200492
8.53061 0.010178 0.0086656 0.098836 0.193352
8.71429 0.0117092 0.0099088 0.0947652 0.192875
8.89796 0.0113592 0.0104852 0.0944532 0.183243
9.08163 0.0110448 0.009314 0.0922604 0.176229
9.26531 0.0102124 0.0099084 0.0834824 0.1763
9.44898 0.0107008 0.0116072 0.088848 0.167213
9.63265 0.009718 0.0102376 0.0856452 0.16679
9.81633 0.0104924 0.0103284 0.078968 0.160817
10 0.009694 0.0107268 0.0781292 0.153453
